0.333,-3.046E-3,-2.864E-3
0.666,-1.928E-3,1.059E-4
1.000,-2.707E-3,-2.565E-3
1.333,-3.803E-3,5.715E-5
1.666,-1.434E-2,-2.367E-3
1.999,-5.582E-2,1.135E-3
2.333,-9.933E-2,2.893E-3
2.666,-0.142,5.627E-3
2.999,-0.184,7.533E-3
3.332,-0.226,8.886E-3
3.665,-0.273,1.316E-2
3.999,-0.316,1.576E-2
4.332,-0.357,1.614E-2
4.665,-0.400,1.542E-2
4.998,-0.443,1.669E-2
5.332,-0.485,1.620E-2
5.665,-0.526,1.903E-2
5.998,-0.569,2.181E-2
6.331,-0.613,2.386E-2
6.664,-0.657,2.327E-2
6.998,-0.698,2.762E-2
7.331,-0.742,2.650E-2
7.664,-0.784,2.670E-2
7.997,-0.826,3.015E-2
8.331,-0.870,3.071E-2
8.664,-0.907,3.480E-2
8.997,-0.949,3.286E-2
9.330,-0.990,3.202E-2
9.663,-1.035,3.609E-2
9.997,-1.074,3.837E-2
10.330,-1.115,3.846E-2
10.663,-1.140,4.042E-2
10.996,-1.139,4.013E-2
11.330,-1.138,4.113E-2
11.663,-1.139,4.255E-2
11.996,-1.144,4.273E-2
12.329,-1.148,4.312E-2
12.662,-1.152,4.519E-2
12.996,-1.157,4.741E-2
13.329,-1.160,5.180E-2
13.662,-1.163,5.418E-2
13.995,-1.167,5.768E-2
14.329,-1.169,6.114E-2
14.662,-1.168,6.212E-2
14.995,-1.170,6.475E-2
15.328,-1.171,7.021E-2
15.661,-1.173,7.349E-2
15.995,-1.174,7.580E-2
16.328,-1.174,7.873E-2
16.661,-1.176,8.253E-2
16.994,-1.175,8.399E-2
17.328,-1.176,8.819E-2
17.661,-1.176,9.184E-2
17.994,-1.174,9.486E-2
18.327,-1.175,9.913E-2
18.660,-1.175,0.103
18.994,-1.175,0.103
19.327,-1.175,0.106
19.660,-1.173,0.110
19.993,-1.170,0.111
20.327,-1.168,0.112
20.660,-1.167,0.113
20.993,-1.167,0.118
21.326,-1.165,0.158
21.659,-1.161,0.199
21.993,-1.158,0.240
22.326,-1.154,0.282
22.659,-1.149,0.322
22.992,-1.143,0.361
23.326,-1.138,0.405
23.659,-1.135,0.447
23.992,-1.129,0.489
24.325,-1.125,0.531
24.658,-1.120,0.571
24.992,-1.116,0.613
25.325,-1.112,0.653
25.658,-1.106,0.694
25.991,-1.102,0.737
26.325,-1.096,0.776
26.658,-1.091,0.816
26.991,-1.086,0.856
27.324,-1.082,0.896
27.657,-1.080,0.937
27.991,-1.074,0.979
28.324,-1.069,1.020
28.657,-1.064,1.059
28.990,-1.060,1.098
29.324,-1.056,1.138
29.657,-1.055,1.144
29.990,-1.055,1.144
30.323,-1.054,1.144
30.656,-1.055,1.147
30.990,-1.051,1.150
31.323,-1.048,1.157
31.656,-1.046,1.160
31.989,-1.045,1.164
32.323,-1.041,1.169
32.656,-1.038,1.172
32.989,-1.036,1.174
33.322,-1.033,1.175
33.655,-1.028,1.177
33.989,-1.027,1.177
34.322,-1.023,1.178
34.655,-1.021,1.177
34.988,-1.020,1.175
35.322,-1.020,1.174
35.655,-1.020,1.172
35.988,-1.020,1.170
36.321,-1.020,1.170
36.654,-1.019,1.168
36.988,-1.019,1.166
37.321,-1.021,1.167
37.654,-1.023,1.164
37.987,-1.023,1.160
38.321,-1.022,1.159
38.654,-1.022,1.158
38.987,-1.021,1.157
39.320,-1.021,1.156
39.653,-0.989,1.151
39.987,-0.951,1.145
40.320,-0.913,1.138
40.653,-0.875,1.130
40.986,-0.836,1.121
41.320,-0.799,1.113
41.653,-0.761,1.105
41.986,-0.721,1.097
42.319,-0.681,1.087
42.652,-0.642,1.081
42.986,-0.601,1.072
43.319,-0.560,1.062
43.652,-0.519,1.052
43.985,-0.481,1.045
44.319,-0.442,1.035
44.652,-0.401,1.024
44.985,-0.363,1.015
45.318,-0.323,1.006
45.651,-0.282,0.996
45.985,-0.238,0.989
46.318,-0.198,0.981
46.651,-0.159,0.970
46.984,-0.137,0.967
47.318,-0.139,0.968
47.651,-0.142,0.969
47.984,-0.139,0.965
48.317,-0.137,0.965
48.650,-0.135,0.963
48.984,-0.137,0.961
49.317,-0.136,0.959
49.650,-0.139,0.957
49.983,-0.140,0.954
50.317,-0.141,0.955
50.650,-0.142,0.954
50.983,-0.144,0.955
51.316,-0.146,0.955
51.649,-0.149,0.955
51.983,-0.153,0.957
52.316,-0.153,0.956
52.649,-0.155,0.955
52.982,-0.156,0.957
53.316,-0.158,0.960
53.649,-0.161,0.959
53.982,-0.161,0.960
54.315,-0.161,0.959
54.648,-0.162,0.959
54.982,-0.162,0.967
55.315,-0.159,1.007
55.648,-0.158,1.046
55.981,-0.157,1.080
56.315,-0.159,1.044
56.648,-0.163,1.005
56.981,-0.164,0.971
57.314,-0.167,0.929
57.647,-0.170,0.889
57.981,-0.174,0.846
58.314,-0.180,0.808
58.647,-0.182,0.767
58.980,-0.183,0.725
59.314,-0.187,0.684
59.647,-0.190,0.642
59.980,-0.193,0.602
60.313,-0.197,0.560
60.646,-0.201,0.516
60.980,-0.207,0.473
61.313,-0.213,0.429
61.646,-0.216,0.388
61.979,-0.220,0.344
62.313,-0.224,0.304
62.646,-0.225,0.262
62.979,-0.228,0.217
63.312,-0.232,0.174
63.645,-0.238,0.131
63.979,-0.242,9.213E-2
64.312,-0.245,4.771E-2
64.645,-0.252,9.496E-3
64.978,-0.251,1.171E-2
65.312,-0.250,1.119E-2
65.645,-0.249,1.061E-2
65.978,-0.252,1.087E-2
66.311,-0.251,1.152E-2
66.644,-0.251,1.326E-2

